1778639823813 1.8280779838562011 10
1778639999806 1.5917898569351587 20
1778640182841 0.8474565163254738 30
1778640358004 0.5206189491809943 40
1778640541113 0.4846795849502087 50
1778640717778 0.4562367040377397 60
1778640900875 0.44677263125777245 70
1778641077275 0.4449187417825063 80
1778641260868 0.44038025140762327 90
1778641435809 0.4380735816099705 100
1778641618314 0.43748713135719297 110
1778641794133 0.434888699115851 120
1778641976829 0.4322728753089905 130
1778642153204 0.4332956075668335 140
1778642335976 0.43261702060699464 150
