1778639823813 0.5333333333333333 10
1778639999806 1.0533333333333332 20
1778640182841 1.5866666666666667 30
1778640358004 2.1066666666666665 40
1778640541113 2.64 50
1778640717778 3.16 60
1778640900875 3.6933333333333334 70
1778641077275 4.213333333333333 80
1778641260868 4.746666666666667 90
1778641435809 5.266666666666667 100
1778641618314 5.8 110
1778641794133 6.32 120
1778641976829 6.8533333333333335 130
1778642153204 7.373333333333333 140
1778642335976 7.906666666666666 150
1778642336314 7.906666666666666 150
