1778639823813 0.00019962469712828614 10
1778639999806 0.00019543482507085482 20
1778640182841 0.00018678252666130013 30
1778640358004 0.00017407237375691392 40
1778640541113 0.0001578986789811849 50
1778640717778 0.00013901770632605547 60
1778640900875 0.00011831230908818563 70
1778641077275 9.675064863002196e-05 80
1778641260868 7.534092423052381e-05 90
1778641435809 5.5084230807412126e-05 100
1778641618314 3.6927748831453836e-05 110
1778641794133 2.1720455220364444e-05 120
1778641976829 1.0173426121705576e-05 130
1778642153204 2.826587782529444e-06 140
1778642335976 2.347019815158724e-08 150
