1778639823813 2.1268213272094725 10
1778639999806 1.3674677848815917 20
1778640182841 0.6501783847808837 30
1778640358004 0.4797924518585205 40
1778640541113 0.4584208011627197 50
1778640717778 0.44633193016052247 60
1778640900875 0.4412015438079834 70
1778641077275 0.43949551582336427 80
1778641260868 0.43448677062988283 90
1778641435809 0.4317194938659668 100
1778641618314 0.42892909049987793 110
1778641794133 0.42746734619140625 120
1778641976829 0.4261144161224365 130
1778642153204 0.42531743049621584 140
1778642335976 0.4258581638336182 150
