1778639823813 0.524025133997202 10
1778639999806 0.6422319794312502 20
1778640182841 0.8033512488007546 30
1778640358004 0.8374260113789485 40
1778640541113 0.8393181741237641 50
1778640717778 0.8430919188719529 60
1778640900875 0.842738251388073 70
1778641077275 0.8433093917675507 80
1778641260868 0.8468858793377876 90
1778641435809 0.8465186112966293 100
1778641618314 0.848653419315815 110
1778641794133 0.8485600398137019 120
1778641976829 0.8503970146179199 130
1778642153204 0.8501718502778274 140
1778642335976 0.8499983251094818 150
